105,5
105,4
105,3
105,2
105,1
105,0
0,556
0,555
0,554
0,553
0,552
0,551
0,550
0,549
104,9
104,8
104,7
104,6
104,5
104,4
104,3
104,2
104,1
104,0
103,6
103,5
0,548
0,547
0,546
103,4
103,3
103,2
103,1
103,0
102,4
102,3
102,2
102,1
102,0
101,9
101,8
101,7
101,6
101,5
101,4
101,3
101,2
101,1
101,0
100,10
0,545
100,9
100,8
100,7
100,6
100,5
100,4
100,3
100,2
100,1
100,0
99,9
99,8
99,7
99,6
99,5
99,4
99,3
99,2
99,1
99,0
98,8
98,7
98,6
98,5
98,4
98,3
98,2
98,1
98,0
97,5
97,4
97,3
97,2
97,1
97,0
96,5
96,4
96,3
96,2
96,1
96,0
95,5
95,4
95,3
95,2
95,1
95,0
94,3
94,2
94,1
94,0
93,8
93,7
93,6
93,5
93,4
93,3
93,2
93,1
93,0
14,11
92,8
92,7
92,6
92,5
92,4
92,3
92,2
92,1
92,0
91,3
91,2
91,1
91,0
0,544
0,543
90,7
90,6
90,5
90,4
90,3
90,2
90,1
90,0
89,7
89,6
89,5
89,4
89,3
89,2
89,1
89,0
0,542
88,7
88,6
88,5
88,4
88,3
88,2
88,1
88,0
0,541
87,7
87,6
87,5
87,4
87,3
87,2
87,1
87,0
86,3
86,2
86,1
86,0
85,3
85,2
85,1
85,0
84,3
84,2
84,1
84,0
83,3
83,2
83,1
83,0
81,4
82,7
82,6
82,5
82,4
82,3
82,2
82,1
82,0
81,3
81,2
81,1
81,0
80,6
80,5
80,4
80,3
80,2
80,1
80,0
79,5
79,4
79,3
79,2
79,1
79,0
78,3
78,2
78,1
78,0
77,4
77,3
77,2
77,1
77,0
76,3
76,2
76,1
76,0
14,10
75,3
75,2
75,1
75,0
0,540
0,539
49,7
0,538
74,5
